63
65
114
117
117
118
118
120
120
121
121
122
122
123
123
125
125
126
126
127
127
129
129
130
130
131
131
132
132
134
134
135
135
136
136
137
137
138
138
139
139
140
140
141
141
142
142
143
143
144
144
145
145
146
146
147
147
148
148
149
149
150
150
151
151
152
152
154
194
195
195
196
196
197
197
198
198
199
199
200
200
201
201
202
202
203
203
204
204
205
205
206
206
207
208
209
210
211
212
213
213
214
213
214
214
215
215
216
216
217
217
218
218
219
218
219
219
220
220
221
221
222
222
223
223
224
224
225
224
225
225
226
226
227
227
228
228
229
229
230
230
231
231
231
232
232
233
233
234
234
235
235
236
236
237
237
238
238
239
239
240
240
241
241
242
242
243
243
244
244
245
245
246
246
249
255
255
256
256
257
257
258
258
259
259
260
260
261
261
262
262
263
263
264
264
265
265
266
266
267
267
268
268
269
269
270
270
271
271
326
331
331
336
336
341
341
347
347
353
353
358
358
363
363
368
368
374
378
378
397
397
417
417
426
465
468
469
471
472
475
476
479
480
482
483
486
488
489
493
494
498
499
503
504
506
566
567
588
589
607
608
624
625
636
637
648
649
658
659
667
668
674
675
682
683
688
689
695
696
701
702
706
707
711
712
716
717
720
721
724
725
728
729
732
733
736
737
740
741
743
744
747
748
750
751
753
754
756
757
759
760
761
762
765
766
767
768
770
771
772
773
775
776
777
778
780
781
782
783
784
785
786
787
788
789
790
791
792
793
794
796
797
798
799
801
802
804
805
807
808
810
811
814
815
822
823
832
832
837
837
840
840
842
842
844
844
845
845
846
846
848
848
849
849
850
850
851
851
852
852
853
853
854
854
855
855
856
856
855
855
854
854
853
853
852
852
851
851
850
850
849
849
848
848
847
847
846
846
845
845
843
843
839
839
833
833
828
827
822
821
818
817
815
814
813
812
810
809
808
807
806
805
804
803
802
801
800
798
797
796
795
793
792
790
789
786
785
783
782
779
778
773
772
767
766
758
757
739
738
729
728
723
722
719
718
714
713
711
710
707
706
705
704
704
703
703
702
702
701
701
700
700
699
699
698
698
697
697
696
696
695
695
694
694
693
693
692
692
691
691
690
690
689
689
688
688
687
687
686
686
685
685
683
683
682
682
681
681
679
679
677
677
674
674
670
670
658
657
653
652
650
649
647
646
644
643
642
641
640
639
638
637
636
635
634
632
631
629
628
626
625
622
621
618
617
611
610
593
592
586
585
582
581
578
577
576
575
573
572
571
570
569
568
567
566
565
564
563
561
560
558
557
552
551
549
549
548
547
546
546
541
541
538
538
536
536
535
535
534
534
532
532
531
531
530
530
529
529
528
528
527
527
526
526
525
525
524
524
523
523
522
522
521
521
520
520
519
519
518
518
519
519
520
520
521
521
522
522
523
523
524
524
525
525
526
526
527
527
528
528
529
529
530
530
531
531
532
532
533
533
534
534
535
535
536
536
537
537
538
538
539
539
540
540
541
541
542
542
543
543
544
544
545
545
546
546
547
547
548
548
549
549
550
550
551
551
552
552
553
553
554
554
555
555
556
556
557
557
558
558
559
559
561
561
562
562
563
563
564
564
565
565
566
566
568
568
569
569
570
570
572
572
573
573
574
574
576
576
577
577
579
579
580
580
582
582
583
583
585
585
587
587
589
589
590
592
593
