0
-2
-2
1
2
3
4
6
7
8
9
10
11
12
13
15
16
17
18
19
20
22
23
24
25
26
27
28
29
31
32
33
34
35
33
32
31
30
29
28
27
26
25
24
23
22
21
20
19
18
17
16
15
14
13
12
11
10
8
7
6
5
4
3
2
1
0
-2
-2
-3
-4
-5
-7
-8
-10
-11
-12
-13
-15
-16
-18
-19
-21
-22
-24
-25
-26
-27
-29
-30
-32
-33
-34
-35
-35
-36
-36
-35
-35
-34
-33
-32
-31
-30
-18
-17
-1
0
14
15
32
33
46
47
48
49
63
64
79
80
94
95
110
111
128
129
145
146
147
148
161
162
178
179
193
194
210
211
225
226
241
242
255
241
240
217
216
196
195
171
170
146
145
123
122
101
100
79
78
56
55
34
33
12
11
-11
-12
-35
-36
-57
-58
-81
-82
-102
-140
-102
-97
-96
-91
-90
-84
-83
-77
-76
-72
-71
-65
-64
-59
-58
-54
-53
-48
-47
-42
-41
-36
-35
-30
-29
-25
-24
-18
-17
-12
-11
-6
-5
-2
-2
3
4
9
10
15
16
22
23
29
30
35
36
41
42
47
48
54
50
49
30
29
9
8
-1
-1
2
2
4
4
7
7
10
10
12
12
15
13
13
9
9
5
5
1
1
-1
-1
0
0
1
1
2
2
3
3
4
4
5
5
6
6
7
7
8
8
9
9
10
10
11
11
12
12
13
13
14
14
15
15
16
16
17
17
18
18
19
19
20
20
21
21
22
22
23
23
24
24
25
25
26
26
27
27
28
28
29
29
30
30
31
31
32
32
33
33
34
34
35
35
36
36
37
37
38
38
39
39
40
40
41
41
43
43
44
44
46
46
48
48
50
50
52
52
55
55
62
62
71
72
77
78
81
82
84
85
87
88
89
90
91
92
94
95
96
98
99
100
101
102
103
105
106
108
109
112
113
117
118
137
138
142
143
145
146
148
149
151
152
153
154
155
156
157
158
159
160
161
162
163
164
165
167
168
172
173
179
180
185
185
190
190
193
193
195
195
196
196
198
198
199
199
200
200
201
201
202
202
203
203
204
204
205
205
206
206
207
207
208
208
209
209
210
210
211
211
212
212
213
213
212
212
211
211
210
210
209
209
208
208
207
207
206
206
205
208
209
217
218
222
223
228
229
232
233
236
237
239
240
243
244
245
246
249
250
251
252
254
255
256
257
258
259
261
262
263
264
265
266
267
268
269
270
271
273
274
275
276
277
278
280
281
283
284
287
288
292
293
305
305
309
309
311
311
313
313
315
315
316
316
317
317
318
318
319
319
320
320
321
321
322
322
323
323
324
324
325
325
326
326
325
325
324
324
323
323
322
322
321
321
320
320
319
319
318
318
317
317
316
316
314
314
312
312
307
307
305
304
303
303
302
301
296
295
292
291
289
288
287
286
285
284
282
280
279
278
277
276
275
274
273
271
270
269
268
266
265
263
262
260
259
256
255
252
251
246
245
240
239
233
232
199
198
191
190
185
184
179
178
174
173
169
168
165
164
161
160
158
157
154
153
151
150
148
147
145
144
142
141
139
138
136
135
133
132
130
129
127
126
125
124
122
121
120
119
117
116
115
114
113
112
110
109
108
107
105
104
103
102
101
100
99
98
97
96
95
94
93
92
91
90
89
88
86
85
84
83
82
81
80
79
78
77
76
74
73
72
71
70
69
68
67
66
65
64
63
61
60
59
58
57
56
54
53
52
51
50
49
47
46
45
44
42
41
40
39
37
36
35
34
32
31
29
28
26
25
24
24
25
